0 418 96 914 567
0 193 548 287 668
0 979 366 1095 504
0 150 153 298 398
0 234 321 469 488
0 303 1 1272 192
0 280 322 427 439
0 467 386 865 478
30 379 98 875 571
30 151 561 247 682
30 940 362 1052 497
30 103 163 261 408
30 260 1 1217 189
30 195 329 431 498
30 430 385 831 488
60 294 91 791 580
60 52 580 154 706
60 857 352 965 485
60 1219 75 1278 433
60 149 338 305 459
60 0 168 170 421
60 149 1 1116 194
60 977 130 1079 262
60 1153 397 1278 567
90 160 94 678 631
90 1089 52 1278 550
90 738 355 844 489
90 1040 425 1161 540
90 0 371 162 505
90 815 126 961 400
120 922 11 1279 515
120 0 109 540 699
120 599 361 702 493
120 671 125 813 399
120 898 407 1013 518
120 53 402 504 592
150 734 34 1269 518
150 1 163 383 708
150 428 404 534 539
150 1171 134 1257 226
150 911 0 995 58
150 505 164 647 434
150 728 424 839 529
150 0 460 345 651
150 524 165 614 294
150 827 275 1163 432
180 556 55 1081 537
180 1 216 204 710
180 1090 0 1278 262
180 251 458 373 600
180 995 146 1064 234
180 744 0 804 80
180 571 457 682 568
180 1063 216 1279 341
180 585 0 720 70
180 329 204 488 482
180 437 0 556 106
180 1149 131 1280 213
210 430 93 949 570
210 941 0 1255 269
210 112 0 440 154
210 867 174 929 258
210 917 320 1035 382
210 466 0 604 111
210 207 255 375 536
210 931 238 1150 353
210 120 517 257 665
210 458 496 572 607
210 959 412 1279 669
210 1007 144 1181 229
210 552 311 864 491
240 40 233 630 708
240 591 110 879 363
240 614 403 1208 708
240 123 29 277 254
240 537 298 594 376
240 1093 191 1278 574
240 0 144 93 302
240 289 64 473 165
240 1048 2 1278 300
240 0 57 56 179
240 602 342 801 452
240 204 443 542 670
240 832 137 918 214
240 674 251 817 335
240 571 519 899 715
240 875 250 947 281
270 183 253 512 515
270 919 0 1279 707
270 129 466 200 558
270 418 60 657 334
270 655 1 886 384
270 528 290 1075 708
270 524 486 763 717
270 216 498 434 615
270 1130 602 1181 720
270 298 386 450 481
300 0 346 316 616
300 736 0 1113 708
300 236 139 465 420
300 453 368 864 710
300 527 96 643 455
300 261 560 546 717
300 24 198 208 378
300 1188 374 1279 660
300 317 454 386 485
300 1 394 478 705
300 64 481 250 594
